1 0.300911 0.147278 0.193321 0.270333
1 0.112446 0.154861 0.167964 0.279500
1 0.504768 0.157361 0.193679 0.245611
1 0.130446 0.507972 0.138321 0.369611
1 0.311107 0.372528 0.174143 0.205056
1 0.518607 0.635833 0.240857 0.620222
1 0.144286 0.763694 0.250643 0.405056
1 0.342036 0.613194 0.151357 0.291389
1 0.366446 0.833306 0.216464 0.225278
1 0.722054 0.440917 0.328750 0.275944
1 0.714732 0.197861 0.222964 0.341722
1 0.895375 0.239639 0.144821 0.455722
1 0.829446 0.587750 0.231107 0.215167
1 0.708214 0.838361 0.203429 0.230389
1 0.879089 0.826972 0.164393 0.288611
