2 0.051618 0.334481 0.103236 0.175847
2 0.157727 0.327350 0.113636 0.144317
2 0.155309 0.684344 0.207055 0.154699
2 0.361218 0.715984 0.141564 0.109016
2 0.484636 0.684317 0.166145 0.119563
2 0.687618 0.678279 0.235164 0.177322
2 0.671255 0.459317 0.099455 0.091421
2 0.658364 0.262404 0.134545 0.116066
2 0.911073 0.592923 0.153273 0.168798
2 0.881836 0.379317 0.099455 0.135355
2 0.740018 0.965656 0.164255 0.061148
2 0.965836 0.805328 0.068327 0.065410
2 0.151782 0.815956 0.147418 0.133115
2 0.976364 0.157650 0.047273 0.103388
0 0.327055 0.207732 0.140364 0.230328
0 0.426509 0.506585 0.189527 0.297104
0 0.607836 0.200601 0.208255 0.233989
0 0.150400 0.536475 0.161455 0.181038
0 0.755236 0.530683 0.159127 0.232077
