1 0.098600 0.478951 0.191500 0.181423
1 0.177462 0.731049 0.118275 0.145543
1 0.138025 0.206779 0.067600 0.101273
1 0.290125 0.438858 0.070400 0.113895
1 0.329550 0.296461 0.047900 0.124457
1 0.396437 0.420936 0.083075 0.116030
1 0.438688 0.365019 0.167575 0.312210
1 0.547125 0.456798 0.063350 0.111798
1 0.411938 0.703633 0.130975 0.128689
1 0.610500 0.626629 0.254900 0.244719
1 0.747738 0.641479 0.078975 0.160487
1 0.601337 0.848127 0.109825 0.232060
1 0.706263 0.968371 0.150675 0.063258
1 0.871962 0.800581 0.112575 0.167004
1 0.774600 0.454213 0.082150 0.124831
1 0.927150 0.392678 0.115000 0.121311
